BETTER=0
S=0.000451 P=0.000493 S/P=0.916286 E=0.229072
S=0.004437 P=0.003290 S/P=1.348632 E=0.337158
S=0.043330 P=0.024301 S/P=1.783046 E=0.445762
BETTER=1
S=0.000475 P=0.000511 S/P=0.930005 E=0.232501
S=0.004749 P=0.002721 S/P=1.745475 E=0.436369
S=0.048036 P=0.020185 S/P=2.379834 E=0.594958
